6136 6737 7112 7499 7840 8166 8448 8849 9431 
4617 5215 5583 5866 6113 6343 6592 6908 7335 
4790 5256 5670 6040 6339 6649 6902 7275 7750 
4590 5045 5447 5760 6067 6334 6566 6895 7298 
5997 6434 6814 7127 7412 7729 8015 8336 8748 
4787 5185 5410 5618 5810 6005 6212 6449 6827 
5596 6011 6270 6534 6813 7055 7296 7571 7909 
5821 6227 6467 6686 6885 7085 7311 7604 8012 
5221 5816 6220 6564 6848 7124 7386 7679 8091 
8208 8611 8855 9084 9322 9541 9781 10060 10495 
6811 7239 7585 7805 8017 8224 8452 8703 9103 
5009 5601 5933 6273 6604 6889 7205 7619 8154 
5397 5986 6390 6719 7025 7320 7552 7854 8237 
6496 6819 7051 7246 7440 7637 7847 8067 8468 
5197 5636 6003 6292 6604 6886 7174 7495 7861 
5005 5294 5633 5890 6115 6346 6610 6914 7371 
5186 5598 5834 6181 6422 6693 6961 7300 7586 
5566 5828 6131 6371 6575 6780 7002 7263 7621 
5802 6205 6437 6638 6835 7050 7270 7614 8027 
6770 7175 7394 7601 7801 8005 8206 8430 8826 
5679 6034 6376 6608 6837 7058 7290 7593 7979 
5816 6210 6443 6754 6999 7230 7473 7762 8107 
6615 7016 7268 7498 7714 7930 8180 8430 8871 
6985 7431 7792 8099 8397 8649 8877 9169 9595 
6387 6824 7184 7454 7797 8116 8393 8723 9109 
5402 5789 6007 6213 6408 6608 6808 7032 7424 
5605 6032 6421 6800 7103 7457 7732 8060 8451 
4361 4913 5314 5657 5947 6203 6505 6853 7311 
5185 5690 6038 6391 6681 6930 7259 7525 7935 
5598 5995 6228 6437 6632 6841 7041 7306 7730 
5998 6443 6844 7152 7519 7763 8080 8423 8894 
5804 6220 6563 6795 7022 7266 7567 7807 8201 
4393 4895 5263 5605 5883 6179 6472 6776 7159 
5965 6390 6772 7089 7397 7644 7929 8230 8640 
5685 6048 6306 6597 6804 7013 7229 7473 7866 
5557 6003 6421 6805 7058 7314 7572 7841 8222 
6366 6783 7111 7417 7713 8045 8346 8682 9026 
6374 6805 7187 7445 7725 7981 8239 8531 8897 
5578 5995 6318 6640 6935 7218 7490 7800 8222 
5252 5722 6152 6525 6812 7109 7368 7652 8077 
5379 5806 6213 6483 6797 7074 7339 7674 8098 
5782 6216 6593 6877 7202 7496 7801 8084 8428 
7175 7589 7985 8308 8605 8860 9152 9416 9814 
5606 6008 6288 6582 6816 7075 7384 7686 8078 
5604 6251 6678 7024 7306 7577 7876 8176 8586 
7199 7600 7847 8068 8270 8479 8738 9065 9488 
4417 4831 5186 5416 5696 6025 6318 6638 7057 
5799 6228 6628 7002 7255 7536 7778 8044 8466 
5988 6428 6804 7087 7390 7693 7966 8267 8594 
7832 8435 8830 9110 9450 9718 9976 10313 10776 
