1531 1938 2150 2363 2731 2942 3145 3358 3567 
1545 1950 2167 2561 2774 3168 3378 3770 4177 
1748 2172 2569 2777 3161 3392 3782 4175 4576 
1557 1770 2168 2374 2578 2780 2981 3186 3393 
1547 1948 2166 2564 2963 3370 3766 4173 4389 
1562 2168 2578 2980 3379 3778 4169 4402 4802 
1757 2153 2365 2574 2961 3180 3572 3781 3991 
1545 1949 2165 2563 2769 3148 3372 3584 4166 
1551 1769 2167 2562 2774 3172 3382 3775 3989 
1567 2367 2969 3374 3787 4184 4582 4985 5411 
1555 1768 1976 2184 2563 2769 2971 3179 3394 
1558 2163 2574 2981 3383 3782 3997 4395 4805 
1558 2158 2564 2953 3177 3580 3993 4579 4994 
1962 2573 3169 3575 3792 4190 4591 5002 5415 
1753 2168 2761 3170 3382 3783 4190 4595 4999 
1553 1961 2362 2572 2976 3375 3774 4174 4599 
1551 1772 2168 2379 2780 3176 3392 3789 4002 
1556 1955 2164 2373 2579 2790 3173 3382 3783 
1553 1955 2163 2567 2982 3383 3780 4177 4583 
1554 1957 2367 2780 3191 3595 3990 4387 4800 
1760 2373 2787 3369 3594 3996 4403 4812 5406 
1762 2358 2761 2980 3375 3775 4181 4588 5001 
1536 1752 2149 2356 2563 2957 3165 3378 3776 
1551 2153 2563 2961 3363 3766 4166 4579 4989 
1563 1964 2176 2384 2585 2791 3182 3396 3786 
1761 2362 2782 3176 3572 3976 4386 4803 5391 
1767 2555 2986 3563 3974 4377 4587 4993 5400 
1565 2154 2374 2787 3196 3592 3991 4390 4798 
1765 2368 2782 3190 3594 4001 4403 4814 5411 
1551 2153 2564 3168 3572 3977 4377 4782 5188 
1574 2163 2391 2773 2985 3375 3602 4008 4594 
1559 1962 2371 2967 3372 3587 3983 4387 4807 
1560 1961 2173 2574 2968 3187 3590 3984 4197 
1557 1959 2167 2373 2579 2783 3174 3385 3791 
1561 1970 2372 2786 3184 3585 3806 4206 4802 
1561 1970 2379 2784 3188 3583 3799 4198 4601 
1558 1959 2363 2766 3164 3387 3783 4166 4587 
1559 1962 2191 2792 3200 3597 3818 4209 4609 
1967 2773 3185 3588 3988 4201 4606 5014 5610 
1765 2374 2974 3385 3801 4209 4612 5011 5398 
1558 1968 2370 2777 3183 3585 3797 4194 4598 
1760 2169 2568 2781 2986 3197 3592 4002 4585 
1961 2773 3379 3971 4194 4586 4804 5195 5597 
1571 2163 2569 2974 3375 3588 3991 4398 4806 
1964 2576 3172 3586 3993 4400 4795 5015 5419 
1759 2355 2763 3165 3384 3783 4190 4605 5011 
1755 2375 2979 3387 3787 4194 4588 4810 5389 
1761 2371 2779 3380 3787 4188 4404 4809 5216 
1556 2156 2574 2983 3381 3779 4182 4583 4985 
1561 1968 2366 2581 2978 3189 3589 3989 4391 
1555 1965 2562 2964 3373 3598 3995 4400 4813 
1562 1969 2374 2778 3181 3577 3976 4198 4604 
1763 2186 2589 2987 3386 3600 3998 4593 5001 
1567 2175 2781 3188 3590 3989 4203 4600 4997 
1560 1773 2167 2372 2573 2776 2976 3184 3393 
1565 1964 2175 2396 2766 2795 2996 3383 3595 
1765 2573 3173 3586 3990 4205 4595 4820 5415 
1556 1964 2372 2778 3183 3580 3968 4195 4590 
1761 2178 2582 2982 3387 3785 4182 4589 4996 
1768 2368 2767 2990 3391 3794 4196 4596 5006 
1564 2163 2572 2977 3382 3787 4189 4595 5016 
1559 2164 2764 3180 3769 4170 4572 4998 5576 
1566 1976 2379 2784 3186 3585 3986 4401 4817 
1562 1970 2374 2773 2984 3372 3586 3982 4204 
1559 1961 2173 2564 2779 2981 3376 3593 4179 
1568 2163 2567 2778 2987 3383 3597 3998 4403 
1968 2570 2984 3394 3790 4191 4405 4804 5207 
1561 2360 2772 3190 3774 4181 4583 4819 5391 
1761 2184 2777 3179 3575 3811 4208 4604 5006 
1552 1961 2362 2764 3167 3570 3782 4179 4579 
1561 1961 2363 2766 2992 3393 3793 4200 4796 
1770 2569 3179 3582 3987 4389 4603 5008 5608 
1570 2369 2974 3386 3792 4193 4591 4993 5409 
1571 2182 2783 3209 3607 3997 4393 4612 5202 
1555 1958 2172 2555 2765 2970 3174 3380 3772 
1769 2579 3193 3787 4189 4402 4804 5209 5613 
1966 2772 3192 3781 4003 4403 4799 5200 5613 
1562 1962 2172 2376 2580 2784 2990 3380 3600 
1554 1956 2173 2565 2779 3176 3392 3794 4202 
1566 2171 2785 3195 3591 3996 4397 4613 5197 
1563 1964 2172 2378 2584 2970 3180 3391 3793 
1963 2766 3370 3773 4174 4404 4798 5208 5791 
1543 1958 2560 2971 3376 3778 4182 4593 5007 
1562 1966 2358 2576 2793 3185 3580 3981 4392 
1550 1958 2556 2959 3359 3587 3986 4388 4795 
1954 2566 3166 3582 3982 4371 4597 4998 5582 
1554 1959 2358 2766 2984 3373 3594 3983 4203 
1559 1964 2359 2574 3157 3387 3783 4175 4401 
1557 1961 2168 2376 2774 3175 3574 3789 4190 
1758 2356 2762 2980 3380 3779 3998 4397 4991 
1562 1972 2369 2756 2978 3380 3590 3993 4403 
1754 2364 2774 3170 3571 3798 4189 4411 4814 
1560 1964 2174 2564 2769 2978 3367 3580 3977 
1756 2364 2961 3187 3585 3982 4380 4783 5196 
1562 2355 2773 3368 3763 3983 4197 4590 4991 
1551 1956 2350 2561 2777 2973 3170 3371 3581 
1555 2150 2368 2768 3174 3579 3983 4386 4791 
1747 2347 2755 2979 3571 3979 4386 4803 5210 
1749 1971 2363 2571 2777 3168 3381 3770 3991 
1560 1961 2174 2572 2980 3382 3786 4188 4595 
