4923 5346 5649 5917 6156 6404 6721 7007 7448 
6379 6869 7306 7657 7967 8236 8515 8834 9276 
5600 5993 6223 6429 6622 6796 6996 7246 7584 
7173 7624 8019 8277 8529 8839 9124 9533 9991 
5160 5623 5962 6293 6553 6817 7116 7422 7917 
7184 7763 8130 8443 8726 8996 9247 9590 10047 
5027 5621 5997 6315 6630 6919 7217 7489 7854 
5653 6010 6274 6580 6804 7027 7250 7491 7874 
4188 4572 4787 4989 5184 5336 5544 5810 6177 
7189 7627 8063 8432 8704 8960 9246 9551 9943 
5158 5579 5839 6101 6375 6630 6865 7171 7495 
8026 8427 8816 9175 9445 9724 9958 10245 10587 
6778 7185 7575 7895 8162 8460 8732 9011 9431 
5644 6172 6459 6821 7122 7423 7665 7950 8340 
5387 5810 6111 6417 6654 6972 7247 7583 8003 
5055 5593 5906 6244 6535 6834 7136 7432 7861 
4198 4596 4849 5179 5427 5664 5907 6244 6657 
5593 6016 6242 6447 6649 6853 7069 7369 7796 
7420 8012 8324 8652 8925 9187 9442 9769 10182 
6251 6650 6895 7099 7282 7470 7666 7897 8251 
4420 4977 5294 5632 5967 6261 6570 6854 7221 
4565 4963 5203 5449 5745 5999 6265 6575 6976 
6050 6468 6834 7080 7322 7610 7873 8130 8470 
5786 6187 6423 6671 6917 7168 7440 7755 8306 
5769 6287 6750 7128 7446 7706 7935 8196 8574 
6474 7023 7396 7713 7969 8194 8417 8746 9184 
7205 7626 7965 8213 8434 8656 8887 9197 9609 
5577 6055 6460 6748 7087 7354 7658 7958 8359 
7582 7980 8218 8454 8716 8983 9251 9531 9931 
6044 6460 6790 7063 7291 7523 7837 8117 8517 
4435 5041 5443 5788 6060 6329 6617 6912 7333 
5237 5801 6245 6600 6906 7137 7405 7731 8210 
5389 5778 6043 6405 6690 6949 7219 7489 7906 
3614 4066 4441 4727 4997 5274 5562 5905 6267 
5816 6211 6451 6696 6944 7183 7437 7724 8208 
7393 7863 8196 8485 8732 8989 9261 9528 9870 
4562 5008 5414 5804 6071 6358 6627 6886 7247 
5461 5827 6190 6427 6652 6895 7215 7466 7791 
6814 7396 7811 8123 8420 8663 8897 9176 9534 
6610 7182 7477 7832 8119 8409 8633 8883 9441 
7630 8068 8452 8789 9056 9307 9670 10019 10420 
5821 6245 6520 6794 7027 7282 7601 7906 8324 
5774 6038 6307 6554 6742 6942 7107 7323 7654 
6960 7383 7616 7854 8203 8473 8817 9164 9664 
6985 7457 7889 8274 8634 8883 9137 9503 9947 
5802 6210 6439 6647 6849 7053 7256 7471 7847 
6182 6418 6784 6997 7202 7423 7660 7974 8405 
6481 7031 7443 7806 8104 8378 8669 8965 9366 
6205 6609 6860 7191 7407 7624 7854 8112 8560 
6425 6962 7291 7632 7890 8129 8341 8661 8985 
