1724 2141 2543 2941 3161 3558 4151 4570 4967 
1736 2155 2353 2559 2761 3150 3359 3568 3973 
1558 1960 2354 2567 2777 2990 3375 3586 3977 
1760 2362 2766 2990 3389 3796 4398 4809 5214 
1760 2363 2767 3171 3386 3971 4204 4786 5206 
1759 2357 2768 3171 3578 4172 4580 4991 5585 
1763 2370 2777 3192 3595 3994 4387 4793 5209 
1760 2164 2376 2580 2787 2988 3190 3393 3775 
1954 2361 2766 3173 3581 4178 4591 4999 5408 
1756 2356 2762 3168 3565 3789 4185 4394 4801 
1560 1970 2378 2776 3166 3385 3791 4192 4602 
1763 2365 2774 3180 3586 3990 4395 4989 5399 
1564 2362 2971 3383 3970 4206 4596 4997 5415 
1763 2167 2385 2776 2983 3381 3598 3991 4390 
2165 2787 3385 3790 4190 4595 4998 5397 5807 
1555 1953 2163 2560 2968 3185 3579 3974 4196 
1751 1967 2361 2573 2974 3372 3767 3982 4386 
1755 2360 2961 3373 3773 3986 4384 4792 5206 
1764 2368 2767 3164 3391 3974 4386 4800 5214 
1959 2566 2990 3576 3802 4203 4598 4818 5389 
1753 1970 2369 2769 3169 3386 3780 4180 4397 
1748 2159 2562 2963 3366 3769 3993 4566 4990 
2158 2776 3195 3784 4190 4596 4820 5218 5819 
1555 1766 2166 2584 2980 3393 3786 4186 4597 
1759 2162 2568 2970 3190 3586 3986 4193 4582 
1962 2566 2979 3388 3980 4192 4584 4986 5597 
1757 2164 2567 2969 3180 3577 3790 4190 4592 
1761 2171 2574 2974 3375 3781 4187 4592 5001 
1746 2355 2953 3365 3786 4185 4575 4801 5370 
1756 2163 2570 2977 3379 3783 4190 4599 5188 
1757 2355 2755 3167 3379 3781 4184 4590 4995 
1764 2174 2574 2978 3383 3596 3989 4384 4790 
1763 2168 2573 2793 3187 3394 3792 4180 4576 
1574 2158 2557 2785 3177 3404 3801 4393 4805 
1761 2167 2579 3174 3577 3977 4198 4594 4990 
1752 2557 2967 3563 3962 4183 4582 4980 5384 
1755 2158 2385 2773 2985 3379 3590 3984 4375 
1972 2573 3173 3577 3797 4194 4575 4819 5225 
1953 2358 2571 2776 2983 3367 3576 3784 4189 
1767 2570 3172 3581 3981 4200 4594 4813 5221 
2157 2773 3566 3969 4378 4604 4994 5390 5803 
1759 1966 2365 2767 3167 3381 3780 3996 4578 
1759 2375 2970 3378 3783 4177 4402 4790 5193 
1955 2372 2978 3574 3985 4390 4797 5199 5607 
1755 2555 2976 3381 3782 4179 4395 4803 5395 
1761 2375 2970 3382 3788 4193 4590 4987 5392 
1749 2159 2564 2971 3373 3584 3975 4199 4784 
1762 2565 2978 3576 3792 4190 4591 4997 5409 
1748 2155 2555 2764 3152 3372 3768 3979 4384 
1962 2372 2790 3384 3777 3999 4581 5003 5417 
